0 1 20
0 3 35
1 0 20
1 2 20
1 4 5
2 1 20
2 4 5
2 7 15
3 0 35
3 5 35
3 6 30
4 1 5
4 2 5
4 6 20
5 3 35
5 8 30
6 3 30
6 4 20
6 7 5
6 10 30
7 2 15
7 6 5
7 12 20
8 5 30
8 9 45
8 10 15
9 8 45
9 13 30
10 6 30
10 8 15
10 11 20
10 13 30
11 10 20
11 12 10
11 14 25
12 7 20
12 11 10
12 15 15
12 17 10
13 9 30
13 10 30
13 14 15
13 16 35
13 22 5
14 11 25
14 13 15
14 16 40
15 12 15
15 18 25
16 13 35
16 14 40
16 17 20
16 19 25
16 22 20
17 12 10
17 16 20
17 18 35
17 19 30
18 15 25
18 17 35
18 20 30
18 21 30
19 16 25
19 17 30
19 20 35
19 24 10
20 18 30
20 19 35
20 21 30
21 18 30
21 20 30
22 13 5
22 16 20
22 23 45
22 25 45
22 27 15
23 22 45
23 24 35
23 26 40
23 27 5
24 19 10
24 23 35
25 22 45
25 26 10
26 23 40
26 25 10
26 27 20
27 22 15
27 23 5
27 26 20
